1691061245077783,
1691435364992792,
1691499200231070,
1691667260979875,
1674133104512274,
1693503661120900,
1693923432411570,
1674735175006695,
1694094747138800,
1694502437186715,
1655991724516071,
1695725363795873,
1695740150456605,
1695983736582359,
1695985351390679,
1695989582742880,
1696164644455744,
1696325819183649,
1696585923208380,
1659358773727171,
1696866257997750,
1699295851241521,
1679070916511794,
1697797292246854,
1698057759496552,
1680479715265014,
1680595851046510,
1663928335947675,
1699440724022209,
1699443142526447,
1699529529592018,
1699519818226576,
1699543085347642,
1699618644894365,
1699961581000764,
1699984242971215,
1682336991589608,
1700738175009717,
1700819719166641,
1682940252754387,
1701176422965499,
1701354466841708,
1701366901049846,
1702043057703455,
1702374602433920,
1702643513701819,
1703091090908093,
1685182679892873,
1685536061480979,
1703945803862394,
1704630661883042,
1704791700796486,
1704816209266051,
1705069333628155,
1670341738578462,
1687533688353497,
1688655227254974,
1689330913896590,
1690211524713902,
1696410629406040,
1691075243279381,
1691580159829806,
1672595812858185,
1692034912979184,
1692621856788843,
1692804257751749,
1655221074465723,
1694506933140332,
1694694627600611,
1695121897181485,
1657021570803072,
1695378909829945,
1695807053168775,
1695891049927841,
1695989596387144,
1696340573651525,
1696503857863591,
1696585917338193,
1678363500596003,
1697108275034657,
1697450510799409,
1697545953158540,
1698156663916737,
1698224574355641,
1698325357977426,
1662667473540972,
1698748991118539,
1698754752060167,
1698756029181015,
1663227922313601,
1680613845764906,
1698931350480795,
1680697621880739,
1699041443793938,
1663774178790644,
1699280317636621,
1681227615636936,
1699542194675463,
1699889787910389,
1700055217814289,
1700139675455874,
1700145754318636,
1700230896489907,
1700574409202251,
1649241150987324,
1682680752453748,
1700821221735137,
1700853207356257,
1701083145879322,
1701085874825269,
1701689363022823,
1701693301378396,
1683802479013030,
1702183470625859,
1702547678537159,
1703080336551379,
1704128751324092,
1685956639631269,
1704654955226403,
1704740953521489,
1686575000865923,
1687854301120968,
1688132172580555,
1688478951243042,
1688552879574249
